   -0.10394730
   -0.00843288
   -0.10129346
    0.02866972
   -0.06961370
   -0.04004331
    0.00960690
   -0.03608444
   -0.00260947
   -0.06664288
    0.11725648
   -0.08401720
    0.11758517
   -0.10503072
    0.35618722
   -0.42265528
   -0.37051803
   -0.45389394
   -0.46990066
    0.01222374
   -0.03220028
   -0.05029497
    0.16922550
   -0.05066539
   -0.03356871
   -0.22145466
    0.01118531
   -0.03488685
   -0.02983292
   -0.03253279
   -0.03181533
   -0.04128182
    0.28063833
   -0.43341399
   -0.16713733
    0.07882066
   -0.04476000
   -0.03064463
   -0.03794846
   -0.03054141
   -0.05457143
    0.06667942
    0.03265390
    0.02678784
    0.04235627
    0.02609239
    0.04728810
    0.03673137
    0.05254688
    0.07320517
    0.06035194
    0.03743377
    0.01650632
    0.03889310
    0.06412786
    0.03041233
    0.07890016
    0.09697571
    0.34066113
    0.31464054
    0.32432310
    0.04576424
    0.05525604
    0.05618692
    0.04441729
    0.03326286
    0.03032561
    0.02818877
    0.02733286
    0.02238654
    0.17539877
    0.06928031
    0.03467546
    0.02815696
    0.02971191
    0.02292338
