$coord
         -0.556496464298          7.029164940563          1.125743643489     c 
         -0.918697843818          5.594880838618         -1.356502548899     c 
         -2.836738938804          6.903293594584         -3.078253714078     c 
         -1.545098327739          2.822191645510         -0.925285459937     c 
         -3.778342556265          1.682467034511         -0.086464870233     c 
         -3.322809464173         -0.989751702875          0.010027444634     c 
         -0.863371954819         -1.432250079259         -0.780677731330     c 
          0.185635844127          0.894718964836         -1.376436260333     n 
          2.774258580274          1.224810360099         -2.292661398266     c 
          4.629936015351          1.789902268542         -0.153425826110     c 
          7.366224974207          1.725451438791         -1.081865011838     c 
          9.213594787568          2.324567403059          1.076959950284     c 
         11.984378612211          1.883836451261          0.323438177421     c 
         13.757609860128          2.630916143672          2.480889222858     c 
         16.408077894173          1.787584370283          1.922621260014     c 
         17.282693833459          1.328172330909         -0.161713477222     o 
         17.846810768412          1.639815717540          4.012921585108     o 
         12.523836820724          3.365439058235         -1.876818769631     o 
          7.626351271375          3.536416665718         -3.059612062367     o 
          0.532251165340         -3.823476887110         -0.881735692611     c 
          1.453765415597         -4.909045352041          1.351259667477     c 
          2.768780924372         -7.193429851019          1.271285222249     c 
          3.150195150593         -8.385872376457         -1.038099292047     c 
          2.236511218553         -7.343102552131         -3.269905523684     c 
          0.918151530699         -5.060147705160         -3.192697842773     c 
          4.416461450109        -10.576117380745         -1.114468970205     f 
         -5.007554762522         -2.983553288566          0.893646770180     c 
         -5.968684856157         -2.902604635888          3.357074775421     c 
         -7.641052160086         -4.763889987413          4.192270460688     c 
         -8.360088805208         -6.714219501204          2.573551965078     c 
         -7.411979445369         -6.806336462226          0.117291545143     c 
         -5.744876171750         -4.943146335553         -0.724759308937     c 
         -6.142855052431          2.980129573119          0.596520612251     c 
         -6.146369109578          4.869892039759          1.931718468751     o 
         -8.252430504808          1.833620449588         -0.432373750060     n 
        -10.805506159368          2.521935448833         -0.141114735098     c 
        -11.626787174982          4.625886192221          1.220545357673     c 
        -14.206195531766          5.171854257613          1.413789567075     c 
        -15.983773728995          3.618850622606          0.249308861165     c 
        -15.184751271027          1.514693775464         -1.111687331581     c 
        -12.608349454691          0.970469693212         -1.305603654292     c 
         -2.318541645529          7.267808849683          2.172120589420     h 
          0.194358571309          8.923291329130          0.756742670940     h 
          0.779286832092          6.053559802454          2.369070951338     h 
          0.887338130237          5.744011953480         -2.350286999536     h 
         -3.098087348683          5.842941861257         -4.837322674046     h 
         -4.687943686964          7.118557309473         -2.187087267245     h 
         -2.176236278331          8.801013075684         -3.578372521783     h 
          3.330676786130         -0.497089574454         -3.291422300251     h 
          2.763447298072          2.702136308084         -3.738021554105     h 
          4.207270134181          3.661338049561          0.627164737140     h 
          4.386947455989          0.423800899643          1.385749661790     h 
          7.788340283545         -0.142834333866         -1.871275752177     h 
          8.767919345875          1.159331704286          2.731299063653     h 
          8.977111641683          4.315676555652          1.610724866850     h 
         12.246143284663         -0.108018644515         -0.186644652258     h 
         13.144900836708          1.720338016227          4.236579471090     h 
         13.791584753470          4.684246919156          2.738584807228     h 
         19.523759175255          1.138167820063          3.404238624313     h 
         14.258820601933          2.948746730775         -2.382619809569     h 
          9.448673419339          3.848786269479         -3.247384565841     h 
          1.133068945640         -3.982364342189          3.157950891700     h 
          3.482061138685         -8.051884443270          2.991201668378     h 
          2.549066338207         -8.314356960645         -5.048573057640     h 
          0.190030981190         -4.248615057191         -4.934607118943     h 
         -5.427222241775         -1.389031513852          4.639268371283     h 
         -8.384358473098         -4.686875027319          6.105690204784     h 
         -9.659815896932         -8.163688462213          3.229083746896     h 
         -7.968866352444         -8.330288428883         -1.141999811412     h 
         -5.028526313884         -5.032057468011         -2.647939954090     h 
         -7.917841150165          0.277433721377         -1.489709512760     h 
        -10.308947420294          5.889698562233          2.154397245995     h 
        -14.818042168786          6.818160683874          2.479391824244     h 
        -17.985544909198          4.049531388567          0.405237965098     h 
        -16.563351394220          0.294009028913         -2.020689627650     h 
        -12.032442604107         -0.689458172413         -2.369743948802     h 
$end
