           1           2  0.993289680307425     
           2           3  0.999139947231072     
           2           4   1.00052933589200     
           4           5   1.46121348000730     
           5           6   1.23555705373788     
           4           7  0.109307831760458     
           6           7   1.47322697362211     
           4           8   1.21421700432704     
           7           8   1.17749906657901     
           8           9  0.985605232755680     
           9          10  0.996458826194990     
          10          11  0.991034921643677     
          11          12  0.987861633409159     
          12          13  0.992954790256491     
          13          14  0.984898506137087     
          14          15  0.991417073765972     
          15          16   1.73792730645919     
          15          17   1.14605648976941     
          16          17  0.172024888888282     
          13          18  0.983960237884494     
          11          19  0.998313854284626     
           7          20   1.02227724331490     
          20          21   1.39777204795238     
          21          22   1.44436016664713     
          22          23   1.39337812747795     
          21          24  0.110314304442697     
          23          24   1.39293202886159     
          20          25   1.39774326110561     
          22          25  0.109952176606168     
          24          25   1.44377873561307     
          23          26  0.963948409841974     
           6          27   1.04111477455411     
          27          28   1.39173914766245     
          28          29   1.44659151192033     
          27          30  0.105226308032594     
          29          30   1.43636178989203     
          28          31  0.110845280301009     
          30          31   1.43706153279342     
          27          32   1.39179611021272     
          29          32  0.110088811704601     
          31          32   1.44532906446775     
           5          33   1.01470256531383     
          33          34   1.67398660696980     
          33          35   1.17140474466578     
          34          35  0.158839368177203     
          35          36   1.07836192505118     
          36          37   1.37630294871984     
          37          38   1.44304620296700     
          38          39   1.43791460183579     
          37          40  0.107596543177903     
          39          40   1.43069771340043     
          36          41   1.36313348439556     
          38          41  0.109596413964600     
          40          41   1.45346883811363     
           1          42  0.980333819208555     
           1          43  0.985405357557065     
           1          44  0.984723074422936     
           2          45  0.958079220583634     
           3          46  0.987647642207346     
           3          47  0.984669529835055     
           3          48  0.985637894361069     
           9          49  0.966572553804006     
           9          50  0.959880165823537     
          10          51  0.970777893314638     
          10          52  0.974462783714934     
          11          53  0.959687268776999     
          12          54  0.973365408171834     
          12          55  0.972288308180829     
          13          56  0.963225603985282     
          14          57  0.957940303911869     
          14          58  0.937850459351816     
          17          59  0.859651043390844     
          18          60  0.869224442465834     
          19          61  0.844950979440367     
          21          62  0.969730962868047     
          22          63  0.967218521806347     
          24          64  0.967212156851342     
          25          65  0.969675583707476     
          28          66  0.970450706902853     
          29          67  0.971120178305442     
          30          68  0.971584157184217     
          31          69  0.971311811913566     
          32          70  0.970809360342113     
          35          71  0.934779395739042     
          37          72  0.962415888321011     
          38          73  0.971481041270171     
          39          74  0.971350671213268     
          40          75  0.971603873475860     
          41          76  0.968171679503265     
