   -0.11122597
   -0.01553364
   -0.10954826
    0.03432458
   -0.07689116
   -0.04120153
    0.01382741
   -0.00513599
   -0.01543025
   -0.07374177
    0.11917060
   -0.09335216
    0.12346854
   -0.12011169
    0.37438970
   -0.49151671
   -0.40910691
   -0.49680311
   -0.50443816
    0.01422899
   -0.03272978
   -0.05123285
    0.16737961
   -0.05306070
   -0.03809363
   -0.27954110
    0.00823060
   -0.03634509
   -0.03340922
   -0.03723175
   -0.03521853
   -0.04247714
    0.28409151
   -0.51581363
   -0.16997216
    0.07526303
   -0.04845749
   -0.03463615
   -0.04304096
   -0.03408113
   -0.05592227
    0.05170728
    0.04153408
    0.03407699
    0.05356850
    0.03906945
    0.03454224
    0.04549510
    0.07215947
    0.08408773
    0.06056230
    0.04894214
    0.01479929
    0.05805127
    0.07094352
    0.02097986
    0.09548797
    0.10953316
    0.42262018
    0.34616466
    0.34868706
    0.05736452
    0.06806871
    0.07027498
    0.06573322
    0.02090011
    0.03145743
    0.03556961
    0.03618828
    0.03280256
    0.20515401
    0.05227148
    0.03981075
    0.04055312
    0.04432840
    0.03743690
