           1           2  0.991649648954600     
           2           3  0.995187696693717     
           2           4   1.00712918635927     
           4           5   1.44086015531294     
           5           6   1.23503753911103     
           6           7   1.44971940000878     
           4           8   1.23890105555555     
           7           8   1.18542094858234     
           8           9  0.987321576573410     
           9          10  0.991454133325091     
          10          11  0.989579279805364     
          11          12  0.987672656609575     
          12          13  0.993130720195350     
          13          14  0.979801788018523     
          14          15  0.990704283823102     
          15          16   1.68277216644143     
          15          17   1.19538455387123     
          16          17  0.172326567715802     
          13          18  0.990180105452605     
          11          19  0.993935106679068     
           7          20   1.04181615707566     
          20          21   1.38664628189770     
          21          22   1.44937787430035     
          22          23   1.39916520089271     
          21          24  0.108490215906212     
          23          24   1.40157248390382     
          20          25   1.38839401268144     
          22          25  0.107476552292416     
          24          25   1.44413837493417     
          23          26  0.914833398165493     
           6          27   1.05579153738002     
          27          28   1.38042604308979     
          28          29   1.45462658209090     
          27          30  0.104784775688327     
          29          30   1.43168454758567     
          28          31  0.108021631076554     
          30          31   1.43533095545537     
          27          32   1.38443511375033     
          29          32  0.107330991684055     
          31          32   1.45082899150902     
           5          33   1.02468629695017     
          33          34   1.60703736887448     
          33          35   1.20563813197751     
          34          35  0.153305906386549     
          35          36   1.07753764377221     
          36          37   1.37552071005770     
          37          38   1.44675384022309     
          38          39   1.43866086240918     
          37          40  0.106223304539606     
          39          40   1.42598766133056     
          36          41   1.36068418090839     
          38          41  0.107586412423609     
          40          41   1.46141674579280     
           1          42  0.979731994343515     
           1          43  0.985112453806115     
           1          44  0.984101292136654     
           2          45  0.958010946783617     
           3          46  0.987248730266123     
           3          47  0.985294399838256     
           3          48  0.985179158219193     
           9          49  0.960679856245050     
           9          50  0.956263523604926     
          10          51  0.970611006317914     
          10          52  0.975914671712563     
          11          53  0.957723518657512     
          12          54  0.971844594627141     
          12          55  0.971486451509051     
          13          56  0.960342938558337     
          14          57  0.958067915042752     
          14          58  0.933000500182266     
          17          59  0.795525231400187     
          18          60  0.846689469620416     
          19          61  0.843459890119669     
          21          62  0.967887713888297     
          22          63  0.964992089230635     
          24          64  0.964806572928157     
          25          65  0.964934382283694     
          28          66  0.969502068387828     
          29          67  0.970699667703626     
          30          68  0.971188463522105     
          31          69  0.970359153681595     
          32          70  0.968922035937447     
          35          71  0.917245023519835     
          37          72  0.964141166043072     
          38          73  0.970485285820121     
          39          74  0.970772750362032     
          40          75  0.969989238025344     
          41          76  0.966147574350080     
